Name: Sanjib
Sample: H1242
Measuring Station: Gilgamesh
Start Date/Time: 6/24/2019 / 8:15:31 PM
Actual time: 6/24/2019 / 8:15:33 PM

Comment:
H1242 [ZnTe\CuMnSb\Ru]

Ref resistor= 47 ohm

B= 7 T to 0 T at Temp = 4.2 K  Time constant= 300 ms
measurement delay = 500 ms

I(1-10)
Vexc=0.9 V; Voltage Divider=30:1

Vref-Ag1-Ch1 (sen20mv)
V(11-12)-Ag1-Ch2 (sen20mv)
V(1-12)-Ag2-Ch1 (sen20mv)
V(11-10)-Ag2-Ch2 (sen20mv)



Swept Device: B-Field set (Mercury iPS) [T]
Beginvalue: 7.000000E+0; Endvalue: -5.000000E-1
Measurement type: Unidirectional
Step Device: None (value in data file set to '0')
DCV (Agilent1 34420a Ch1) [V] DCV (Agilent1 34420a Ch2) [V] DCV (Agilent2 34420a Ch1) [V] DCV (Agilent2 34420a Ch2) [V] Temperature (LS332) [K] Temperature (LS332) [Ohm]
  Start Value:   Start Value:   Start Value:   Start Value:   Start Value:   Start Value:
3.767828E+0 1.586719E+0 3.639967E+0 5.294393E-1 4.203000E+0 1.015600E+3
---------											
B-Field set (Mercury iPS) [T]	None () []	DCV (Agilent1 34420a Ch1) [V]	DCV (Agilent1 34420a Ch2) [V]	DCV (Agilent2 34420a Ch1) [V]	DCV (Agilent2 34420a Ch2) [V]	Temperature (LS332) [K]	Temperature (LS332) [Ohm]	Rxx (Ohm)	G1 (e2/h)	Rxy (Ohm)	R2 (Ohm)
											
7.00000E+0	0.00000E+0	3.76783E+0	1.58675E+0	3.63998E+0	5.29520E-1	4.20200E+0	1.01560E+3	1.97932E+1	1.30414E+3	4.54053E+1	5.68502E+2
6.98000E+0	0.00000E+0	3.76827E+0	1.58673E+0	3.64006E+0	5.29488E-1	4.20300E+0	1.01560E+3	1.97906E+1	1.30431E+3	4.54008E+1	5.68558E+2
6.96000E+0	0.00000E+0	3.76698E+0	1.58642E+0	3.63994E+0	5.29407E-1	4.20300E+0	1.01560E+3	1.97935E+1	1.30411E+3	4.54150E+1	5.68381E+2
6.94000E+0	0.00000E+0	3.76778E+0	1.58648E+0	3.64010E+0	5.29366E-1	4.20300E+0	1.01560E+3	1.97901E+1	1.30434E+3	4.54073E+1	5.68476E+2
6.92000E+0	0.00000E+0	3.76865E+0	1.58657E+0	3.64021E+0	5.29340E-1	4.20300E+0	1.01560E+3	1.97866E+1	1.30457E+3	4.53982E+1	5.68591E+2
6.90000E+0	0.00000E+0	3.76880E+0	1.58652E+0	3.64029E+0	5.29242E-1	4.20300E+0	1.01550E+3	1.97852E+1	1.30466E+3	4.53974E+1	5.68601E+2
6.88000E+0	0.00000E+0	3.76737E+0	1.58609E+0	3.63992E+0	5.29324E-1	4.20300E+0	1.01550E+3	1.97873E+1	1.30452E+3	4.54100E+1	5.68443E+2
6.86000E+0	0.00000E+0	3.76754E+0	1.58611E+0	3.64002E+0	5.29059E-1	4.20300E+0	1.01550E+3	1.97867E+1	1.30456E+3	4.54093E+1	5.68452E+2
6.84000E+0	0.00000E+0	3.76799E+0	1.58614E+0	3.64015E+0	5.29219E-1	4.20300E+0	1.01550E+3	1.97847E+1	1.30469E+3	4.54055E+1	5.68500E+2
6.82000E+0	0.00000E+0	3.76833E+0	1.58605E+0	3.64000E+0	5.29144E-1	4.20300E+0	1.01550E+3	1.97819E+1	1.30488E+3	4.53994E+1	5.68576E+2
6.80000E+0	0.00000E+0	3.76800E+0	1.58596E+0	3.64017E+0	5.29194E-1	4.20300E+0	1.01550E+3	1.97824E+1	1.30485E+3	4.54055E+1	5.68499E+2
6.78000E+0	0.00000E+0	3.76707E+0	1.58573E+0	3.64000E+0	5.29109E-1	4.20300E+0	1.01540E+3	1.97845E+1	1.30471E+3	4.54146E+1	5.68386E+2
6.76000E+0	0.00000E+0	3.76906E+0	1.58596E+0	3.64007E+0	5.29063E-1	4.20300E+0	1.01540E+3	1.97768E+1	1.30521E+3	4.53914E+1	5.68676E+2
6.74000E+0	0.00000E+0	3.76845E+0	1.58584E+0	3.64012E+0	5.29101E-1	4.20300E+0	1.01540E+3	1.97785E+1	1.30510E+3	4.53995E+1	5.68574E+2
6.72000E+0	0.00000E+0	3.76900E+0	1.58576E+0	3.64007E+0	5.29021E-1	4.20400E+0	1.01540E+3	1.97747E+1	1.30536E+3	4.53922E+1	5.68666E+2
6.70000E+0	0.00000E+0	3.76817E+0	1.58563E+0	3.64003E+0	5.29017E-1	4.20400E+0	1.01540E+3	1.97775E+1	1.30517E+3	4.54018E+1	5.68546E+2
6.68000E+0	0.00000E+0	3.76807E+0	1.58550E+0	3.63999E+0	5.28973E-1	4.20400E+0	1.01530E+3	1.97763E+1	1.30525E+3	4.54023E+1	5.68539E+2
6.66000E+0	0.00000E+0	3.76867E+0	1.58550E+0	3.64012E+0	5.29053E-1	4.20400E+0	1.01530E+3	1.97731E+1	1.30546E+3	4.53969E+1	5.68607E+2
6.64000E+0	0.00000E+0	3.76883E+0	1.58544E+0	3.64014E+0	5.28887E-1	4.20400E+0	1.01530E+3	1.97716E+1	1.30556E+3	4.53951E+1	5.68630E+2
6.62000E+0	0.00000E+0	3.76805E+0	1.58518E+0	3.63967E+0	5.28882E-1	4.20400E+0	1.01520E+3	1.97724E+1	1.30550E+3	4.53987E+1	5.68584E+2
6.60000E+0	0.00000E+0	3.76858E+0	1.58520E+0	3.63978E+0	5.28854E-1	4.20400E+0	1.01530E+3	1.97698E+1	1.30568E+3	4.53937E+1	5.68648E+2
6.58000E+0	0.00000E+0	3.76837E+0	1.58513E+0	3.63986E+0	5.28804E-1	4.20400E+0	1.01520E+3	1.97702E+1	1.30566E+3	4.53972E+1	5.68604E+2
6.56000E+0	0.00000E+0	3.76871E+0	1.58515E+0	3.63994E+0	5.28782E-1	4.20400E+0	1.01520E+3	1.97686E+1	1.30576E+3	4.53942E+1	5.68641E+2
6.54000E+0	0.00000E+0	3.76972E+0	1.58522E+0	3.64006E+0	5.28718E-1	4.20400E+0	1.01510E+3	1.97641E+1	1.30605E+3	4.53834E+1	5.68776E+2
6.52000E+0	0.00000E+0	3.76982E+0	1.58519E+0	3.63999E+0	5.28694E-1	4.20400E+0	1.01510E+3	1.97632E+1	1.30611E+3	4.53813E+1	5.68802E+2
6.50000E+0	0.00000E+0	3.76889E+0	1.58549E+0	3.64114E+0	5.28838E-1	4.20400E+0	1.01510E+3	1.97718E+1	1.30554E+3	4.54068E+1	5.68483E+2
6.48000E+0	0.00000E+0	3.76910E+0	1.58486E+0	3.63965E+0	5.28616E-1	4.20500E+0	1.01510E+3	1.97629E+1	1.30614E+3	4.53857E+1	5.68748E+2
6.46000E+0	0.00000E+0	3.76886E+0	1.58470E+0	3.63973E+0	5.28452E-1	4.20500E+0	1.01510E+3	1.97621E+1	1.30619E+3	4.53897E+1	5.68697E+2
6.44000E+0	0.00000E+0	3.76986E+0	1.58487E+0	3.63993E+0	5.28599E-1	4.20500E+0	1.01500E+3	1.97591E+1	1.30638E+3	4.53801E+1	5.68817E+2
6.42000E+0	0.00000E+0	3.76944E+0	1.58472E+0	3.63977E+0	5.28601E-1	4.20500E+0	1.01510E+3	1.97593E+1	1.30637E+3	4.53831E+1	5.68780E+2
6.40000E+0	0.00000E+0	3.76875E+0	1.58447E+0	3.63960E+0	5.28564E-1	4.20500E+0	1.01500E+3	1.97599E+1	1.30633E+3	4.53894E+1	5.68701E+2
6.38000E+0	0.00000E+0	3.76976E+0	1.58462E+0	3.63965E+0	5.28502E-1	4.20500E+0	1.01500E+3	1.97564E+1	1.30656E+3	4.53778E+1	5.68847E+2
6.36000E+0	0.00000E+0	3.77022E+0	1.58466E+0	3.63990E+0	5.28435E-1	4.20500E+0	1.01500E+3	1.97545E+1	1.30669E+3	4.53754E+1	5.68877E+2
6.34000E+0	0.00000E+0	3.76990E+0	1.58450E+0	3.63979E+0	5.28397E-1	4.20500E+0	1.01490E+3	1.97542E+1	1.30671E+3	4.53778E+1	5.68846E+2
6.32000E+0	0.00000E+0	3.77005E+0	1.58449E+0	3.63997E+0	5.28392E-1	4.20500E+0	1.01490E+3	1.97533E+1	1.30677E+3	4.53783E+1	5.68840E+2
6.30000E+0	0.00000E+0	3.76996E+0	1.58437E+0	3.63971E+0	5.28412E-1	4.20500E+0	1.01490E+3	1.97522E+1	1.30684E+3	4.53762E+1	5.68866E+2
6.28000E+0	0.00000E+0	3.76948E+0	1.58418E+0	3.63987E+0	5.28291E-1	4.20500E+0	1.01490E+3	1.97525E+1	1.30682E+3	4.53839E+1	5.68770E+2
6.26000E+0	0.00000E+0	3.76975E+0	1.58414E+0	3.63960E+0	5.28333E-1	4.20600E+0	1.01480E+3	1.97506E+1	1.30695E+3	4.53774E+1	5.68851E+2
6.24000E+0	0.00000E+0	3.76938E+0	1.58404E+0	3.63962E+0	5.28301E-1	4.20600E+0	1.01480E+3	1.97513E+1	1.30690E+3	4.53820E+1	5.68793E+2
6.22000E+0	0.00000E+0	3.76916E+0	1.58388E+0	3.63961E+0	5.28257E-1	4.20600E+0	1.01480E+3	1.97505E+1	1.30696E+3	4.53846E+1	5.68761E+2
6.20000E+0	0.00000E+0	3.76943E+0	1.58392E+0	3.63987E+0	5.28528E-1	4.20600E+0	1.01480E+3	1.97495E+1	1.30702E+3	4.53846E+1	5.68761E+2
6.18000E+0	0.00000E+0	3.76985E+0	1.58395E+0	3.64000E+0	5.28113E-1	4.20600E+0	1.01480E+3	1.97477E+1	1.30714E+3	4.53812E+1	5.68804E+2
6.16000E+0	0.00000E+0	3.76983E+0	1.58388E+0	3.63989E+0	5.28101E-1	4.20600E+0	1.01470E+3	1.97468E+1	1.30720E+3	4.53800E+1	5.68819E+2
6.14000E+0	0.00000E+0	3.76950E+0	1.58371E+0	3.63986E+0	5.28069E-1	4.20600E+0	1.01470E+3	1.97465E+1	1.30722E+3	4.53836E+1	5.68774E+2
6.12000E+0	0.00000E+0	3.76933E+0	1.58375E+0	3.64007E+0	5.28096E-1	4.20600E+0	1.01460E+3	1.97479E+1	1.30713E+3	4.53883E+1	5.68715E+2
6.10000E+0	0.00000E+0	3.76942E+0	1.58353E+0	3.63971E+0	5.28014E-1	4.20600E+0	1.01460E+3	1.97446E+1	1.30734E+3	4.53827E+1	5.68785E+2
6.08000E+0	0.00000E+0	3.77047E+0	1.58354E+0	3.63976E+0	5.27958E-1	4.20700E+0	1.01460E+3	1.97393E+1	1.30769E+3	4.53706E+1	5.68936E+2
6.06000E+0	0.00000E+0	3.77029E+0	1.58345E+0	3.63965E+0	5.27714E-1	4.20700E+0	1.01460E+3	1.97391E+1	1.30771E+3	4.53716E+1	5.68925E+2
6.04000E+0	0.00000E+0	3.77076E+0	1.58357E+0	3.64002E+0	5.27939E-1	4.20700E+0	1.01450E+3	1.97381E+1	1.30778E+3	4.53704E+1	5.68939E+2
6.02000E+0	0.00000E+0	3.76820E+0	1.58306E+0	3.63948E+0	5.27823E-1	4.20700E+0	1.01450E+3	1.97452E+1	1.30731E+3	4.53945E+1	5.68637E+2
6.00000E+0	0.00000E+0	3.77048E+0	1.58332E+0	3.63968E+0	5.27907E-1	4.20700E+0	1.01450E+3	1.97365E+1	1.30788E+3	4.53695E+1	5.68950E+2
5.98000E+0	0.00000E+0	3.77121E+0	1.58345E+0	3.64015E+0	5.27841E-1	4.20700E+0	1.01450E+3	1.97343E+1	1.30803E+3	4.53667E+1	5.68986E+2
5.96000E+0	0.00000E+0	3.77078E+0	1.58325E+0	3.63978E+0	5.27757E-1	4.20700E+0	1.01450E+3	1.97341E+1	1.30804E+3	4.53672E+1	5.68979E+2
5.94000E+0	0.00000E+0	3.77100E+0	1.58323E+0	3.63976E+0	5.27625E-1	4.20700E+0	1.01440E+3	1.97327E+1	1.30814E+3	4.53643E+1	5.69016E+2
5.92000E+0	0.00000E+0	3.77094E+0	1.58299E+0	3.63833E+0	5.27555E-1	4.20700E+0	1.01440E+3	1.97300E+1	1.30831E+3	4.53472E+1	5.69230E+2
5.90000E+0	0.00000E+0	3.77123E+0	1.58315E+0	3.63975E+0	5.27667E-1	4.20700E+0	1.01430E+3	1.97304E+1	1.30828E+3	4.53614E+1	5.69052E+2
5.88000E+0	0.00000E+0	3.77304E+0	1.58361E+0	3.64047E+0	5.27627E-1	4.20700E+0	1.01430E+3	1.97268E+1	1.30853E+3	4.53487E+1	5.69212E+2
5.86000E+0	0.00000E+0	3.77170E+0	1.58312E+0	3.64023E+0	5.27675E-1	4.20800E+0	1.01430E+3	1.97277E+1	1.30847E+3	4.53617E+1	5.69049E+2
5.84000E+0	0.00000E+0	3.77114E+0	1.58295E+0	3.64012E+0	5.27345E-1	4.20800E+0	1.01430E+3	1.97284E+1	1.30842E+3	4.53670E+1	5.68982E+2
5.82000E+0	0.00000E+0	3.77019E+0	1.58265E+0	3.63979E+0	5.27483E-1	4.20800E+0	1.01430E+3	1.97297E+1	1.30833E+3	4.53744E+1	5.68889E+2
5.80000E+0	0.00000E+0	3.77137E+0	1.58283E+0	3.64000E+0	5.27475E-1	4.20800E+0	1.01430E+3	1.97257E+1	1.30860E+3	4.53627E+1	5.69035E+2
5.78000E+0	0.00000E+0	3.77137E+0	1.58279E+0	3.63986E+0	5.27381E-1	4.20800E+0	1.01420E+3	1.97253E+1	1.30863E+3	4.53611E+1	5.69056E+2
5.76000E+0	0.00000E+0	3.77152E+0	1.58269E+0	3.63993E+0	5.27508E-1	4.20800E+0	1.01420E+3	1.97232E+1	1.30876E+3	4.53601E+1	5.69068E+2
5.74000E+0	0.00000E+0	3.77055E+0	1.58246E+0	3.63965E+0	5.27231E-1	4.20800E+0	1.01420E+3	1.97254E+1	1.30862E+3	4.53684E+1	5.68964E+2
5.72000E+0	0.00000E+0	3.77072E+0	1.58241E+0	3.63972E+0	5.27319E-1	4.20800E+0	1.01420E+3	1.97238E+1	1.30872E+3	4.53671E+1	5.68981E+2
5.70000E+0	0.00000E+0	3.77125E+0	1.58245E+0	3.63963E+0	5.27305E-1	4.20800E+0	1.01410E+3	1.97216E+1	1.30887E+3	4.53596E+1	5.69074E+2
5.68000E+0	0.00000E+0	3.77142E+0	1.58244E+0	3.63999E+0	5.27290E-1	4.20800E+0	1.01410E+3	1.97206E+1	1.30893E+3	4.53621E+1	5.69043E+2
5.66000E+0	0.00000E+0	3.77094E+0	1.58229E+0	3.63984E+0	5.27232E-1	4.20800E+0	1.01410E+3	1.97213E+1	1.30889E+3	4.53660E+1	5.68994E+2
5.64000E+0	0.00000E+0	3.77160E+0	1.58232E+0	3.63970E+0	5.27197E-1	4.20900E+0	1.01410E+3	1.97182E+1	1.30910E+3	4.53564E+1	5.69115E+2
5.62000E+0	0.00000E+0	3.77125E+0	1.58217E+0	3.63948E+0	5.27214E-1	4.20900E+0	1.01400E+3	1.97181E+1	1.30910E+3	4.53577E+1	5.69099E+2
5.60000E+0	0.00000E+0	3.77113E+0	1.58209E+0	3.63961E+0	5.27155E-1	4.20900E+0	1.01400E+3	1.97177E+1	1.30913E+3	4.53608E+1	5.69059E+2
5.58000E+0	0.00000E+0	3.77180E+0	1.58219E+0	3.63977E+0	5.27097E-1	4.20900E+0	1.01400E+3	1.97155E+1	1.30927E+3	4.53548E+1	5.69135E+2
5.56000E+0	0.00000E+0	3.77112E+0	1.58194E+0	3.63960E+0	5.27107E-1	4.20900E+0	1.01400E+3	1.97159E+1	1.30925E+3	4.53609E+1	5.69059E+2
5.54000E+0	0.00000E+0	3.77139E+0	1.58187E+0	3.63949E+0	5.27016E-1	4.20900E+0	1.01400E+3	1.97137E+1	1.30939E+3	4.53563E+1	5.69116E+2
5.52000E+0	0.00000E+0	3.77199E+0	1.58194E+0	3.63961E+0	5.27051E-1	4.20900E+0	1.01390E+3	1.97115E+1	1.30954E+3	4.53506E+1	5.69188E+2
5.50000E+0	0.00000E+0	3.77108E+0	1.58175E+0	3.63975E+0	5.27012E-1	4.20900E+0	1.01390E+3	1.97137E+1	1.30939E+3	4.53632E+1	5.69029E+2
5.48000E+0	0.00000E+0	3.77134E+0	1.58171E+0	3.63970E+0	5.26949E-1	4.20900E+0	1.01390E+3	1.97120E+1	1.30951E+3	4.53595E+1	5.69076E+2
5.46000E+0	0.00000E+0	3.77270E+0	1.58178E+0	3.63962E+0	5.26943E-1	4.20900E+0	1.01390E+3	1.97057E+1	1.30992E+3	4.53421E+1	5.69294E+2
5.44000E+0	0.00000E+0	3.77138E+0	1.58156E+0	3.63957E+0	5.26952E-1	4.20900E+0	1.01380E+3	1.97099E+1	1.30965E+3	4.53574E+1	5.69103E+2
5.42000E+0	0.00000E+0	3.77180E+0	1.58155E+0	3.63965E+0	5.26860E-1	4.20900E+0	1.01380E+3	1.97075E+1	1.30981E+3	4.53532E+1	5.69155E+2
5.40000E+0	0.00000E+0	3.77178E+0	1.58149E+0	3.63986E+0	5.26798E-1	4.21000E+0	1.01380E+3	1.97069E+1	1.30984E+3	4.53562E+1	5.69118E+2
5.38000E+0	0.00000E+0	3.77187E+0	1.58140E+0	3.63968E+0	5.26802E-1	4.21000E+0	1.01380E+3	1.97053E+1	1.30995E+3	4.53529E+1	5.69159E+2
5.36000E+0	0.00000E+0	3.77179E+0	1.58134E+0	3.63981E+0	5.26778E-1	4.21000E+0	1.01380E+3	1.97050E+1	1.30997E+3	4.53555E+1	5.69127E+2
5.34000E+0	0.00000E+0	3.77183E+0	1.58129E+0	3.63986E+0	5.26692E-1	4.21000E+0	1.01380E+3	1.97041E+1	1.31003E+3	4.53555E+1	5.69126E+2
5.32000E+0	0.00000E+0	3.77182E+0	1.58124E+0	3.63989E+0	5.26742E-1	4.21000E+0	1.01370E+3	1.97035E+1	1.31007E+3	4.53560E+1	5.69120E+2
5.30000E+0	0.00000E+0	3.77268E+0	1.58133E+0	3.63991E+0	5.26735E-1	4.21000E+0	1.01370E+3	1.97002E+1	1.31029E+3	4.53460E+1	5.69245E+2
5.28000E+0	0.00000E+0	3.77141E+0	1.58096E+0	3.63948E+0	5.26633E-1	4.21000E+0	1.01370E+3	1.97022E+1	1.31016E+3	4.53559E+1	5.69121E+2
5.26000E+0	0.00000E+0	3.77279E+0	1.58121E+0	3.63997E+0	5.26693E-1	4.21000E+0	1.01370E+3	1.96982E+1	1.31043E+3	4.53454E+1	5.69253E+2
5.24000E+0	0.00000E+0	3.77137E+0	1.58082E+0	3.63953E+0	5.26643E-1	4.21000E+0	1.01370E+3	1.97007E+1	1.31026E+3	4.53570E+1	5.69107E+2
5.22000E+0	0.00000E+0	3.77197E+0	1.58085E+0	3.63957E+0	5.26583E-1	4.21000E+0	1.01360E+3	1.96980E+1	1.31044E+3	4.53503E+1	5.69192E+2
5.20000E+0	0.00000E+0	3.77176E+0	1.58076E+0	3.63969E+0	5.26606E-1	4.21000E+0	1.01360E+3	1.96979E+1	1.31044E+3	4.53543E+1	5.69142E+2
5.18000E+0	0.00000E+0	3.77301E+0	1.58096E+0	3.63982E+0	5.26596E-1	4.21000E+0	1.01360E+3	1.96938E+1	1.31072E+3	4.53409E+1	5.69309E+2
5.16000E+0	0.00000E+0	3.77264E+0	1.58079E+0	3.63963E+0	5.26521E-1	4.21000E+0	1.01360E+3	1.96937E+1	1.31073E+3	4.53429E+1	5.69285E+2
5.14000E+0	0.00000E+0	3.77281E+0	1.58085E+0	3.63991E+0	5.26517E-1	4.21000E+0	1.01360E+3	1.96936E+1	1.31073E+3	4.53445E+1	5.69265E+2
5.12000E+0	0.00000E+0	3.77195E+0	1.58057E+0	3.63957E+0	5.26525E-1	4.21100E+0	1.01350E+3	1.96944E+1	1.31067E+3	4.53504E+1	5.69190E+2
5.10000E+0	0.00000E+0	3.77222E+0	1.58060E+0	3.63976E+0	5.26415E-1	4.21100E+0	1.01350E+3	1.96935E+1	1.31074E+3	4.53496E+1	5.69200E+2
5.08000E+0	0.00000E+0	3.77261E+0	1.58060E+0	3.63973E+0	5.26392E-1	4.21100E+0	1.01350E+3	1.96914E+1	1.31088E+3	4.53446E+1	5.69264E+2
5.06000E+0	0.00000E+0	3.77225E+0	1.58043E+0	3.63974E+0	5.26485E-1	4.21100E+0	1.01350E+3	1.96913E+1	1.31089E+3	4.53490E+1	5.69207E+2
5.04000E+0	0.00000E+0	3.77203E+0	1.58030E+0	3.63959E+0	5.26363E-1	4.21100E+0	1.01340E+3	1.96908E+1	1.31092E+3	4.53498E+1	5.69198E+2
5.02000E+0	0.00000E+0	3.77316E+0	1.58040E+0	3.63971E+0	5.26422E-1	4.21100E+0	1.01350E+3	1.96861E+1	1.31123E+3	4.53377E+1	5.69350E+2
5.00000E+0	0.00000E+0	3.77242E+0	1.57992E+0	3.63917E+0	5.26256E-1	4.21100E+0	1.01350E+3	1.96840E+1	1.31137E+3	4.53399E+1	5.69322E+2
4.98000E+0	0.00000E+0	3.77284E+0	1.58034E+0	3.63990E+0	5.26306E-1	4.21100E+0	1.01340E+3	1.96871E+1	1.31116E+3	4.53439E+1	5.69271E+2
4.96000E+0	0.00000E+0	3.77246E+0	1.58023E+0	3.63991E+0	5.26356E-1	4.21100E+0	1.01340E+3	1.96876E+1	1.31113E+3	4.53486E+1	5.69213E+2
4.94000E+0	0.00000E+0	3.77221E+0	1.58006E+0	3.63960E+0	5.26322E-1	4.21100E+0	1.01340E+3	1.96867E+1	1.31119E+3	4.53477E+1	5.69224E+2
4.92000E+0	0.00000E+0	3.77303E+0	1.58016E+0	3.63977E+0	5.26239E-1	4.21100E+0	1.01340E+3	1.96838E+1	1.31138E+3	4.53400E+1	5.69320E+2
4.90000E+0	0.00000E+0	3.77348E+0	1.58024E+0	3.63996E+0	5.26304E-1	4.21100E+0	1.01330E+3	1.96824E+1	1.31147E+3	4.53369E+1	5.69360E+2
4.88000E+0	0.00000E+0	3.77267E+0	1.58003E+0	3.63973E+0	5.26251E-1	4.21100E+0	1.01330E+3	1.96840E+1	1.31137E+3	4.53439E+1	5.69272E+2
4.86000E+0	0.00000E+0	3.77275E+0	1.57996E+0	3.63976E+0	5.26213E-1	4.21100E+0	1.01330E+3	1.96827E+1	1.31145E+3	4.53433E+1	5.69280E+2
4.84000E+0	0.00000E+0	3.77278E+0	1.57990E+0	3.63975E+0	5.26171E-1	4.21100E+0	1.01330E+3	1.96818E+1	1.31152E+3	4.53427E+1	5.69286E+2
4.82000E+0	0.00000E+0	3.77366E+0	1.58007E+0	3.64005E+0	5.26157E-1	4.21100E+0	1.01330E+3	1.96794E+1	1.31168E+3	4.53359E+1	5.69372E+2
4.80000E+0	0.00000E+0	3.77494E+0	1.58027E+0	3.64013E+0	5.26095E-1	4.21200E+0	1.01330E+3	1.96752E+1	1.31196E+3	4.53215E+1	5.69553E+2
4.78000E+0	0.00000E+0	3.77284E+0	1.57973E+0	3.63964E+0	5.26096E-1	4.21200E+0	1.01330E+3	1.96795E+1	1.31167E+3	4.53406E+1	5.69313E+2
4.76000E+0	0.00000E+0	3.77323E+0	1.57978E+0	3.64008E+0	5.26133E-1	4.21200E+0	1.01330E+3	1.96780E+1	1.31177E+3	4.53415E+1	5.69302E+2
4.74000E+0	0.00000E+0	3.77271E+0	1.57957E+0	3.63977E+0	5.26110E-1	4.21200E+0	1.01320E+3	1.96781E+1	1.31176E+3	4.53439E+1	5.69272E+2
4.72000E+0	0.00000E+0	3.77394E+0	1.57978E+0	3.64007E+0	5.25989E-1	4.21200E+0	1.01320E+3	1.96743E+1	1.31202E+3	4.53327E+1	5.69412E+2
4.70000E+0	0.00000E+0	3.77357E+0	1.57968E+0	3.64008E+0	5.25984E-1	4.21200E+0	1.01320E+3	1.96750E+1	1.31197E+3	4.53373E+1	5.69354E+2
4.68000E+0	0.00000E+0	3.77272E+0	1.57943E+0	3.63975E+0	5.25977E-1	4.21200E+0	1.01320E+3	1.96763E+1	1.31188E+3	4.53435E+1	5.69277E+2
4.66000E+0	0.00000E+0	3.77369E+0	1.57955E+0	3.63989E+0	5.25993E-1	4.21200E+0	1.01320E+3	1.96728E+1	1.31212E+3	4.53336E+1	5.69401E+2
4.64000E+0	0.00000E+0	3.77337E+0	1.57946E+0	3.63992E+0	5.25906E-1	4.21200E+0	1.01320E+3	1.96733E+1	1.31209E+3	4.53378E+1	5.69349E+2
4.62000E+0	0.00000E+0	3.77281E+0	1.57931E+0	3.64002E+0	5.25971E-1	4.21200E+0	1.01320E+3	1.96744E+1	1.31201E+3	4.53457E+1	5.69249E+2
4.60000E+0	0.00000E+0	3.77358E+0	1.57940E+0	3.64004E+0	5.25889E-1	4.21200E+0	1.01310E+3	1.96714E+1	1.31221E+3	4.53368E+1	5.69361E+2
4.58000E+0	0.00000E+0	3.77396E+0	1.57936E+0	3.64012E+0	5.25878E-1	4.21200E+0	1.01310E+3	1.96690E+1	1.31237E+3	4.53331E+1	5.69408E+2
4.56000E+0	0.00000E+0	3.77350E+0	1.57929E+0	3.64018E+0	5.25872E-1	4.21200E+0	1.01310E+3	1.96705E+1	1.31227E+3	4.53394E+1	5.69329E+2
4.54000E+0	0.00000E+0	3.77396E+0	1.57929E+0	3.64011E+0	5.25890E-1	4.21200E+0	1.01310E+3	1.96681E+1	1.31243E+3	4.53331E+1	5.69408E+2
4.52000E+0	0.00000E+0	3.77332E+0	1.57902E+0	3.63970E+0	5.25797E-1	4.21200E+0	1.01310E+3	1.96681E+1	1.31243E+3	4.53357E+1	5.69375E+2
4.50000E+0	0.00000E+0	3.77426E+0	1.57919E+0	3.64009E+0	5.25811E-1	4.21200E+0	1.01310E+3	1.96653E+1	1.31262E+3	4.53292E+1	5.69456E+2
4.48000E+0	0.00000E+0	3.77345E+0	1.57901E+0	3.64007E+0	5.25820E-1	4.21300E+0	1.01300E+3	1.96673E+1	1.31249E+3	4.53388E+1	5.69336E+2
4.46000E+0	0.00000E+0	3.77394E+0	1.57905E+0	3.64026E+0	5.25699E-1	4.21300E+0	1.01300E+3	1.96652E+1	1.31262E+3	4.53352E+1	5.69381E+2
4.44000E+0	0.00000E+0	3.77383E+0	1.57889E+0	3.64008E+0	5.25680E-1	4.21300E+0	1.01300E+3	1.96638E+1	1.31272E+3	4.53342E+1	5.69393E+2
4.42000E+0	0.00000E+0	3.77422E+0	1.57899E+0	3.64016E+0	5.25701E-1	4.21300E+0	1.01300E+3	1.96630E+1	1.31277E+3	4.53305E+1	5.69440E+2
4.40000E+0	0.00000E+0	3.77367E+0	1.57876E+0	3.64008E+0	5.25675E-1	4.21300E+0	1.01300E+3	1.96630E+1	1.31277E+3	4.53362E+1	5.69368E+2
4.38000E+0	0.00000E+0	3.77329E+0	1.57860E+0	3.63994E+0	5.25657E-1	4.21300E+0	1.01300E+3	1.96630E+1	1.31277E+3	4.53389E+1	5.69334E+2
4.36000E+0	0.00000E+0	3.77332E+0	1.57860E+0	3.63989E+0	5.25589E-1	4.21300E+0	1.01300E+3	1.96629E+1	1.31278E+3	4.53380E+1	5.69346E+2
4.34000E+0	0.00000E+0	3.77429E+0	1.57875E+0	3.64016E+0	5.25580E-1	4.21300E+0	1.01300E+3	1.96597E+1	1.31299E+3	4.53297E+1	5.69450E+2
4.32000E+0	0.00000E+0	3.77311E+0	1.57847E+0	3.63996E+0	5.25612E-1	4.21300E+0	1.01300E+3	1.96623E+1	1.31282E+3	4.53414E+1	5.69303E+2
4.30000E+0	0.00000E+0	3.77317E+0	1.57837E+0	3.64006E+0	5.25520E-1	4.21300E+0	1.01290E+3	1.96608E+1	1.31292E+3	4.53419E+1	5.69297E+2
4.28000E+0	0.00000E+0	3.77424E+0	1.57856E+0	3.64003E+0	5.25501E-1	4.21300E+0	1.01290E+3	1.96575E+1	1.31314E+3	4.53287E+1	5.69463E+2
4.26000E+0	0.00000E+0	3.77336E+0	1.57832E+0	3.63990E+0	5.25566E-1	4.21300E+0	1.01290E+3	1.96591E+1	1.31303E+3	4.53376E+1	5.69351E+2
4.24000E+0	0.00000E+0	3.77406E+0	1.57841E+0	3.64012E+0	5.25541E-1	4.21300E+0	1.01290E+3	1.96567E+1	1.31319E+3	4.53319E+1	5.69422E+2
4.22000E+0	0.00000E+0	3.77414E+0	1.57842E+0	3.64025E+0	5.25485E-1	4.21300E+0	1.01290E+3	1.96563E+1	1.31322E+3	4.53327E+1	5.69412E+2
4.20000E+0	0.00000E+0	3.77351E+0	1.57822E+0	3.64025E+0	5.25455E-1	4.21300E+0	1.01290E+3	1.96572E+1	1.31316E+3	4.53403E+1	5.69317E+2
4.18000E+0	0.00000E+0	3.77357E+0	1.57810E+0	3.63990E+0	5.25424E-1	4.21300E+0	1.01290E+3	1.96553E+1	1.31329E+3	4.53351E+1	5.69383E+2
4.16000E+0	0.00000E+0	3.77346E+0	1.57810E+0	3.64008E+0	5.25545E-1	4.21300E+0	1.01290E+3	1.96559E+1	1.31325E+3	4.53387E+1	5.69338E+2
4.14000E+0	0.00000E+0	3.77441E+0	1.57820E+0	3.64021E+0	5.25321E-1	4.21300E+0	1.01290E+3	1.96522E+1	1.31349E+3	4.53290E+1	5.69459E+2
4.12000E+0	0.00000E+0	3.77367E+0	1.57800E+0	3.63987E+0	5.25305E-1	4.21300E+0	1.01290E+3	1.96536E+1	1.31340E+3	4.53335E+1	5.69402E+2
4.10000E+0	0.00000E+0	3.77477E+0	1.57822E+0	3.64047E+0	5.25363E-1	4.21300E+0	1.01290E+3	1.96506E+1	1.31360E+3	4.53278E+1	5.69473E+2
4.08000E+0	0.00000E+0	3.77361E+0	1.57803E+0	3.64027E+0	5.25288E-1	4.21300E+0	1.01290E+3	1.96542E+1	1.31336E+3	4.53393E+1	5.69329E+2
4.06000E+0	0.00000E+0	3.77490E+0	1.57812E+0	3.64021E+0	5.25350E-1	4.21300E+0	1.01290E+3	1.96487E+1	1.31373E+3	4.53230E+1	5.69535E+2
4.04000E+0	0.00000E+0	3.77485E+0	1.57805E+0	3.64018E+0	5.25246E-1	4.21300E+0	1.01290E+3	1.96480E+1	1.31377E+3	4.53232E+1	5.69531E+2
4.02000E+0	0.00000E+0	3.77415E+0	1.57785E+0	3.63987E+0	5.25219E-1	4.21300E+0	1.01280E+3	1.96492E+1	1.31369E+3	4.53279E+1	5.69473E+2
4.00000E+0	0.00000E+0	3.77420E+0	1.57789E+0	3.64026E+0	5.25257E-1	4.21400E+0	1.01280E+3	1.96494E+1	1.31368E+3	4.53320E+1	5.69422E+2
3.98000E+0	0.00000E+0	3.77389E+0	1.57779E+0	3.64022E+0	5.25301E-1	4.21400E+0	1.01280E+3	1.96498E+1	1.31365E+3	4.53353E+1	5.69379E+2
3.96000E+0	0.00000E+0	3.77391E+0	1.57772E+0	3.64025E+0	5.25228E-1	4.21300E+0	1.01280E+3	1.96488E+1	1.31372E+3	4.53355E+1	5.69377E+2
3.94000E+0	0.00000E+0	3.77375E+0	1.57757E+0	3.64004E+0	5.25135E-1	4.21400E+0	1.01280E+3	1.96477E+1	1.31379E+3	4.53347E+1	5.69387E+2
3.92000E+0	0.00000E+0	3.77392E+0	1.57753E+0	3.63994E+0	5.25167E-1	4.21400E+0	1.01280E+3	1.96465E+1	1.31388E+3	4.53315E+1	5.69428E+2
3.90000E+0	0.00000E+0	3.77426E+0	1.57755E+0	3.64009E+0	5.25108E-1	4.21400E+0	1.01280E+3	1.96448E+1	1.31398E+3	4.53292E+1	5.69457E+2
3.88000E+0	0.00000E+0	3.77625E+0	1.57807E+0	3.64063E+0	5.25069E-1	4.21400E+0	1.01280E+3	1.96410E+1	1.31424E+3	4.53120E+1	5.69672E+2
3.86000E+0	0.00000E+0	3.77396E+0	1.57737E+0	3.64001E+0	5.25126E-1	4.21400E+0	1.01280E+3	1.96442E+1	1.31403E+3	4.53319E+1	5.69423E+2
3.84000E+0	0.00000E+0	3.77485E+0	1.57752E+0	3.64011E+0	5.25028E-1	4.21400E+0	1.01280E+3	1.96414E+1	1.31421E+3	4.53225E+1	5.69541E+2
3.82000E+0	0.00000E+0	3.77414E+0	1.57733E+0	3.63988E+0	5.25063E-1	4.21400E+0	1.01280E+3	1.96427E+1	1.31413E+3	4.53280E+1	5.69471E+2
3.80000E+0	0.00000E+0	3.77533E+0	1.57756E+0	3.64022E+0	5.25163E-1	4.21400E+0	1.01280E+3	1.96394E+1	1.31434E+3	4.53179E+1	5.69598E+2
3.78000E+0	0.00000E+0	3.77445E+0	1.57738E+0	3.64027E+0	5.25032E-1	4.21400E+0	1.01280E+3	1.96418E+1	1.31419E+3	4.53291E+1	5.69457E+2
3.76000E+0	0.00000E+0	3.77390E+0	1.57716E+0	3.63998E+0	5.25091E-1	4.21400E+0	1.01280E+3	1.96419E+1	1.31418E+3	4.53321E+1	5.69419E+2
3.74000E+0	0.00000E+0	3.77409E+0	1.57712E+0	3.63990E+0	5.24952E-1	4.21400E+0	1.01270E+3	1.96404E+1	1.31428E+3	4.53290E+1	5.69459E+2
3.72000E+0	0.00000E+0	3.77475E+0	1.57727E+0	3.64030E+0	5.25026E-1	4.21400E+0	1.01270E+3	1.96388E+1	1.31439E+3	4.53259E+1	5.69497E+2
3.70000E+0	0.00000E+0	3.77510E+0	1.57724E+0	3.64025E+0	5.25046E-1	4.21400E+0	1.01270E+3	1.96366E+1	1.31453E+3	4.53211E+1	5.69558E+2
3.68000E+0	0.00000E+0	3.77475E+0	1.57709E+0	3.63986E+0	5.24882E-1	4.21400E+0	1.01270E+3	1.96367E+1	1.31453E+3	4.53205E+1	5.69566E+2
3.66000E+0	0.00000E+0	3.77488E+0	1.57709E+0	3.63989E+0	5.24924E-1	4.21400E+0	1.01270E+3	1.96359E+1	1.31458E+3	4.53193E+1	5.69581E+2
3.64000E+0	0.00000E+0	3.77426E+0	1.57693E+0	3.63996E+0	5.24877E-1	4.21400E+0	1.01270E+3	1.96372E+1	1.31449E+3	4.53275E+1	5.69477E+2
3.62000E+0	0.00000E+0	3.77444E+0	1.57699E+0	3.64016E+0	5.24925E-1	4.21400E+0	1.01270E+3	1.96369E+1	1.31451E+3	4.53278E+1	5.69474E+2
3.60000E+0	0.00000E+0	3.77445E+0	1.57692E+0	3.64001E+0	5.24881E-1	4.21400E+0	1.01270E+3	1.96361E+1	1.31457E+3	4.53260E+1	5.69497E+2
3.58000E+0	0.00000E+0	3.77418E+0	1.57675E+0	3.63986E+0	5.24877E-1	4.21400E+0	1.01270E+3	1.96354E+1	1.31462E+3	4.53273E+1	5.69480E+2
3.56000E+0	0.00000E+0	3.77475E+0	1.57684E+0	3.63998E+0	5.24852E-1	4.21400E+0	1.01270E+3	1.96335E+1	1.31474E+3	4.53220E+1	5.69547E+2
3.54000E+0	0.00000E+0	3.77543E+0	1.57698E+0	3.64025E+0	5.24870E-1	4.21400E+0	1.01270E+3	1.96317E+1	1.31486E+3	4.53171E+1	5.69608E+2
3.52000E+0	0.00000E+0	3.77442E+0	1.57674E+0	3.63991E+0	5.24816E-1	4.21400E+0	1.01270E+3	1.96339E+1	1.31472E+3	4.53251E+1	5.69508E+2
3.50000E+0	0.00000E+0	3.77544E+0	1.57690E+0	3.64007E+0	5.24793E-1	4.21400E+0	1.01270E+3	1.96307E+1	1.31493E+3	4.53148E+1	5.69637E+2
3.48000E+0	0.00000E+0	3.77428E+0	1.57661E+0	3.63993E+0	5.24815E-1	4.21400E+0	1.01270E+3	1.96331E+1	1.31477E+3	4.53269E+1	5.69485E+2
3.46000E+0	0.00000E+0	3.77549E+0	1.57680E+0	3.64022E+0	5.24792E-1	4.21400E+0	1.01270E+3	1.96292E+1	1.31503E+3	4.53162E+1	5.69620E+2
3.44000E+0	0.00000E+0	3.77525E+0	1.57675E+0	3.64018E+0	5.24774E-1	4.21400E+0	1.01270E+3	1.96298E+1	1.31499E+3	4.53185E+1	5.69590E+2
3.42000E+0	0.00000E+0	3.77472E+0	1.57654E+0	3.63977E+0	5.24636E-1	4.21400E+0	1.01270E+3	1.96300E+1	1.31498E+3	4.53197E+1	5.69575E+2
3.40000E+0	0.00000E+0	3.77462E+0	1.57644E+0	3.63972E+0	5.24666E-1	4.21400E+0	1.01260E+3	1.96291E+1	1.31503E+3	4.53203E+1	5.69568E+2
3.38000E+0	0.00000E+0	3.77556E+0	1.57676E+0	3.64018E+0	5.24741E-1	4.21400E+0	1.01270E+3	1.96282E+1	1.31510E+3	4.53146E+1	5.69639E+2
3.36000E+0	0.00000E+0	3.77537E+0	1.57665E+0	3.64021E+0	5.24832E-1	4.21400E+0	1.01260E+3	1.96279E+1	1.31512E+3	4.53173E+1	5.69606E+2
3.34000E+0	0.00000E+0	3.77591E+0	1.57665E+0	3.64021E+0	5.24669E-1	4.21400E+0	1.01260E+3	1.96251E+1	1.31530E+3	4.53108E+1	5.69687E+2
3.32000E+0	0.00000E+0	3.77551E+0	1.57661E+0	3.64020E+0	5.24650E-1	4.21400E+0	1.01260E+3	1.96266E+1	1.31520E+3	4.53155E+1	5.69628E+2
3.30000E+0	0.00000E+0	3.77589E+0	1.57662E+0	3.64011E+0	5.24557E-1	4.21400E+0	1.01260E+3	1.96247E+1	1.31533E+3	4.53099E+1	5.69699E+2
3.28000E+0	0.00000E+0	3.77536E+0	1.57641E+0	3.63995E+0	5.24539E-1	4.21400E+0	1.01260E+3	1.96250E+1	1.31531E+3	4.53142E+1	5.69644E+2
3.26000E+0	0.00000E+0	3.77586E+0	1.57652E+0	3.64008E+0	5.24617E-1	4.21400E+0	1.01260E+3	1.96237E+1	1.31540E+3	4.53100E+1	5.69698E+2
3.24000E+0	0.00000E+0	3.77504E+0	1.57633E+0	3.63978E+0	5.24583E-1	4.21400E+0	1.01260E+3	1.96256E+1	1.31527E+3	4.53160E+1	5.69622E+2
3.22000E+0	0.00000E+0	3.77573E+0	1.57642E+0	3.63999E+0	5.24578E-1	4.21400E+0	1.01260E+3	1.96231E+1	1.31544E+3	4.53104E+1	5.69693E+2
3.20000E+0	0.00000E+0	3.77556E+0	1.57631E+0	3.63993E+0	5.24567E-1	4.21400E+0	1.01270E+3	1.96226E+1	1.31547E+3	4.53117E+1	5.69677E+2
3.18000E+0	0.00000E+0	3.77601E+0	1.57633E+0	3.64005E+0	5.24410E-1	4.21400E+0	1.01260E+3	1.96207E+1	1.31560E+3	4.53077E+1	5.69726E+2
3.16000E+0	0.00000E+0	3.77572E+0	1.57628E+0	3.63995E+0	5.24542E-1	4.21400E+0	1.01260E+3	1.96214E+1	1.31555E+3	4.53099E+1	5.69699E+2
3.14000E+0	0.00000E+0	3.77606E+0	1.57636E+0	3.64020E+0	5.24495E-1	4.21400E+0	1.01270E+3	1.96207E+1	1.31560E+3	4.53089E+1	5.69712E+2
3.12000E+0	0.00000E+0	3.77598E+0	1.57621E+0	3.63992E+0	5.24475E-1	4.21400E+0	1.01260E+3	1.96193E+1	1.31569E+3	4.53064E+1	5.69742E+2
3.10000E+0	0.00000E+0	3.77590E+0	1.57612E+0	3.63990E+0	5.24456E-1	4.21400E+0	1.01260E+3	1.96186E+1	1.31574E+3	4.53072E+1	5.69733E+2
3.08000E+0	0.00000E+0	3.77634E+0	1.57618E+0	3.64009E+0	5.24473E-1	4.21400E+0	1.01260E+3	1.96170E+1	1.31585E+3	4.53042E+1	5.69770E+2
3.06000E+0	0.00000E+0	3.77518E+0	1.57594E+0	3.64002E+0	5.24387E-1	4.21400E+0	1.01260E+3	1.96200E+1	1.31565E+3	4.53173E+1	5.69606E+2
3.04000E+0	0.00000E+0	3.77507E+0	1.57585E+0	3.63990E+0	5.24383E-1	4.21400E+0	1.01260E+3	1.96195E+1	1.31568E+3	4.53172E+1	5.69608E+2
3.02000E+0	0.00000E+0	3.77594E+0	1.57598E+0	3.63999E+0	5.24356E-1	4.21400E+0	1.01270E+3	1.96166E+1	1.31587E+3	4.53077E+1	5.69726E+2
3.00000E+0	0.00000E+0	3.77544E+0	1.57579E+0	3.63968E+0	5.24375E-1	4.21400E+0	1.01270E+3	1.96169E+1	1.31586E+3	4.53100E+1	5.69698E+2
2.98000E+0	0.00000E+0	3.77653E+0	1.57601E+0	3.64007E+0	5.24371E-1	4.21400E+0	1.01260E+3	1.96139E+1	1.31606E+3	4.53018E+1	5.69801E+2
2.96000E+0	0.00000E+0	3.77569E+0	1.57582E+0	3.63982E+0	5.24359E-1	4.21400E+0	1.01260E+3	1.96159E+1	1.31592E+3	4.53086E+1	5.69715E+2
2.94000E+0	0.00000E+0	3.77578E+0	1.57572E+0	3.63987E+0	5.24344E-1	4.21400E+0	1.01260E+3	1.96142E+1	1.31604E+3	4.53083E+1	5.69719E+2
2.92000E+0	0.00000E+0	3.77557E+0	1.57573E+0	3.64007E+0	5.24297E-1	4.21400E+0	1.01270E+3	1.96153E+1	1.31596E+3	4.53131E+1	5.69658E+2
2.90000E+0	0.00000E+0	3.77522E+0	1.57562E+0	3.63980E+0	5.24294E-1	4.21400E+0	1.01270E+3	1.96158E+1	1.31593E+3	4.53140E+1	5.69647E+2
2.88000E+0	0.00000E+0	3.77628E+0	1.57577E+0	3.63989E+0	5.24246E-1	4.21400E+0	1.01260E+3	1.96122E+1	1.31617E+3	4.53025E+1	5.69792E+2
2.86000E+0	0.00000E+0	3.77356E+0	1.57508E+0	3.63936E+0	5.24221E-1	4.21400E+0	1.01260E+3	1.96177E+1	1.31580E+3	4.53285E+1	5.69466E+2
2.84000E+0	0.00000E+0	3.77641E+0	1.57573E+0	3.64015E+0	5.24269E-1	4.21400E+0	1.01270E+3	1.96110E+1	1.31625E+3	4.53041E+1	5.69771E+2
2.82000E+0	0.00000E+0	3.77612E+0	1.57555E+0	3.63986E+0	5.24318E-1	4.21400E+0	1.01270E+3	1.96103E+1	1.31630E+3	4.53040E+1	5.69773E+2
2.80000E+0	0.00000E+0	3.77546E+0	1.57543E+0	3.63984E+0	5.24205E-1	4.21400E+0	1.01270E+3	1.96122E+1	1.31617E+3	4.53117E+1	5.69676E+2
2.78000E+0	0.00000E+0	3.77618E+0	1.57558E+0	3.63994E+0	5.24081E-1	4.21400E+0	1.01270E+3	1.96103E+1	1.31630E+3	4.53043E+1	5.69769E+2
2.76000E+0	0.00000E+0	3.77647E+0	1.57559E+0	3.64009E+0	5.24171E-1	4.21400E+0	1.01270E+3	1.96090E+1	1.31639E+3	4.53028E+1	5.69789E+2
2.74000E+0	0.00000E+0	3.77557E+0	1.57537E+0	3.63985E+0	5.24159E-1	4.21400E+0	1.01270E+3	1.96109E+1	1.31626E+3	4.53104E+1	5.69692E+2
2.72000E+0	0.00000E+0	3.77628E+0	1.57556E+0	3.64015E+0	5.24195E-1	4.21400E+0	1.01270E+3	1.96096E+1	1.31635E+3	4.53058E+1	5.69751E+2
2.70000E+0	0.00000E+0	3.77559E+0	1.57534E+0	3.63996E+0	5.24142E-1	4.21400E+0	1.01270E+3	1.96105E+1	1.31629E+3	4.53117E+1	5.69676E+2
2.68000E+0	0.00000E+0	3.77566E+0	1.57535E+0	3.64009E+0	5.24122E-1	4.21400E+0	1.01270E+3	1.96102E+1	1.31630E+3	4.53124E+1	5.69667E+2
2.66000E+0	0.00000E+0	3.77596E+0	1.57541E+0	3.64010E+0	5.24000E-1	4.21400E+0	1.01270E+3	1.96094E+1	1.31636E+3	4.53090E+1	5.69710E+2
2.64000E+0	0.00000E+0	3.77662E+0	1.57538E+0	3.63996E+0	5.24114E-1	4.21400E+0	1.01270E+3	1.96056E+1	1.31661E+3	4.52993E+1	5.69833E+2
2.62000E+0	0.00000E+0	3.77670E+0	1.57549E+0	3.64010E+0	5.24149E-1	4.21400E+0	1.01270E+3	1.96066E+1	1.31655E+3	4.53001E+1	5.69822E+2
2.60000E+0	0.00000E+0	3.77644E+0	1.57543E+0	3.64022E+0	5.24136E-1	4.21400E+0	1.01280E+3	1.96072E+1	1.31650E+3	4.53047E+1	5.69765E+2
2.58000E+0	0.00000E+0	3.77609E+0	1.57533E+0	3.64012E+0	5.23948E-1	4.21400E+0	1.01270E+3	1.96077E+1	1.31648E+3	4.53076E+1	5.69727E+2
2.56000E+0	0.00000E+0	3.77615E+0	1.57527E+0	3.64008E+0	5.24055E-1	4.21400E+0	1.01270E+3	1.96067E+1	1.31654E+3	4.53064E+1	5.69743E+2
2.54000E+0	0.00000E+0	3.77580E+0	1.57532E+0	3.64006E+0	5.24038E-1	4.21400E+0	1.01280E+3	1.96091E+1	1.31638E+3	4.53103E+1	5.69694E+2
2.52000E+0	0.00000E+0	3.77694E+0	1.57537E+0	3.64005E+0	5.24061E-1	4.21400E+0	1.01270E+3	1.96039E+1	1.31673E+3	4.52966E+1	5.69866E+2
2.50000E+0	0.00000E+0	3.77661E+0	1.57533E+0	3.64022E+0	5.23907E-1	4.21400E+0	1.01280E+3	1.96050E+1	1.31665E+3	4.53027E+1	5.69790E+2
2.48000E+0	0.00000E+0	3.77695E+0	1.57531E+0	3.64018E+0	5.24006E-1	4.21400E+0	1.01280E+3	1.96030E+1	1.31679E+3	4.52981E+1	5.69847E+2
2.46000E+0	0.00000E+0	3.77556E+0	1.57497E+0	3.63984E+0	5.23911E-1	4.21400E+0	1.01280E+3	1.96060E+1	1.31659E+3	4.53104E+1	5.69693E+2
2.44000E+0	0.00000E+0	3.77558E+0	1.57498E+0	3.63992E+0	5.23964E-1	4.21400E+0	1.01280E+3	1.96060E+1	1.31659E+3	4.53112E+1	5.69683E+2
2.42000E+0	0.00000E+0	3.77624E+0	1.57501E+0	3.64000E+0	5.23909E-1	4.21400E+0	1.01280E+3	1.96030E+1	1.31679E+3	4.53044E+1	5.69768E+2
2.40000E+0	0.00000E+0	3.77574E+0	1.57483E+0	3.63990E+0	5.23869E-1	4.21300E+0	1.01280E+3	1.96034E+1	1.31676E+3	4.53091E+1	5.69710E+2
2.38000E+0	0.00000E+0	3.77589E+0	1.57489E+0	3.63996E+0	5.23934E-1	4.21400E+0	1.01280E+3	1.96033E+1	1.31677E+3	4.53080E+1	5.69722E+2
2.36000E+0	0.00000E+0	3.77623E+0	1.57501E+0	3.64019E+0	5.24007E-1	4.21400E+0	1.01280E+3	1.96031E+1	1.31678E+3	4.53068E+1	5.69738E+2
2.34000E+0	0.00000E+0	3.77584E+0	1.57484E+0	3.63979E+0	5.23869E-1	4.21400E+0	1.01280E+3	1.96029E+1	1.31679E+3	4.53066E+1	5.69741E+2
2.32000E+0	0.00000E+0	3.77678E+0	1.57502E+0	3.64023E+0	5.23960E-1	4.21300E+0	1.01280E+3	1.96002E+1	1.31697E+3	4.53007E+1	5.69815E+2
2.30000E+0	0.00000E+0	3.77617E+0	1.57480E+0	3.63983E+0	5.23852E-1	4.21300E+0	1.01280E+3	1.96007E+1	1.31694E+3	4.53031E+1	5.69784E+2
2.28000E+0	0.00000E+0	3.77581E+0	1.57475E+0	3.63991E+0	5.23858E-1	4.21300E+0	1.01280E+3	1.96020E+1	1.31686E+3	4.53084E+1	5.69717E+2
2.26000E+0	0.00000E+0	3.77578E+0	1.57472E+0	3.63985E+0	5.23804E-1	4.21300E+0	1.01290E+3	1.96017E+1	1.31688E+3	4.53080E+1	5.69723E+2
2.24000E+0	0.00000E+0	3.77673E+0	1.57485E+0	3.64017E+0	5.23859E-1	4.21300E+0	1.01280E+3	1.95984E+1	1.31710E+3	4.53006E+1	5.69816E+2
2.22000E+0	0.00000E+0	3.77691E+0	1.57490E+0	3.64029E+0	5.23906E-1	4.21300E+0	1.01290E+3	1.95981E+1	1.31711E+3	4.52999E+1	5.69824E+2
2.20000E+0	0.00000E+0	3.77724E+0	1.57501E+0	3.64029E+0	5.23830E-1	4.21300E+0	1.01280E+3	1.95977E+1	1.31714E+3	4.52960E+1	5.69874E+2
2.18000E+0	0.00000E+0	3.77617E+0	1.57477E+0	3.64018E+0	5.23803E-1	4.21300E+0	1.01290E+3	1.96003E+1	1.31697E+3	4.53074E+1	5.69731E+2
2.16000E+0	0.00000E+0	3.77636E+0	1.57480E+0	3.64033E+0	5.23831E-1	4.21300E+0	1.01290E+3	1.95998E+1	1.31701E+3	4.53070E+1	5.69736E+2
2.14000E+0	0.00000E+0	3.77603E+0	1.57465E+0	3.64012E+0	5.23788E-1	4.21300E+0	1.01290E+3	1.95996E+1	1.31702E+3	4.53084E+1	5.69718E+2
2.12000E+0	0.00000E+0	3.77606E+0	1.57467E+0	3.64006E+0	5.23721E-1	4.21300E+0	1.01290E+3	1.95997E+1	1.31701E+3	4.53072E+1	5.69733E+2
2.10000E+0	0.00000E+0	3.77621E+0	1.57453E+0	3.64003E+0	5.23751E-1	4.21300E+0	1.01290E+3	1.95972E+1	1.31718E+3	4.53051E+1	5.69760E+2
2.08000E+0	0.00000E+0	3.77691E+0	1.57468E+0	3.64024E+0	5.23826E-1	4.21300E+0	1.01290E+3	1.95953E+1	1.31730E+3	4.52992E+1	5.69834E+2
2.06000E+0	0.00000E+0	3.77617E+0	1.57454E+0	3.64028E+0	5.23679E-1	4.21300E+0	1.01290E+3	1.95975E+1	1.31716E+3	4.53087E+1	5.69714E+2
2.04000E+0	0.00000E+0	3.77639E+0	1.57456E+0	3.64023E+0	5.23748E-1	4.21300E+0	1.01290E+3	1.95966E+1	1.31722E+3	4.53054E+1	5.69756E+2
2.02000E+0	0.00000E+0	3.77606E+0	1.57441E+0	3.63995E+0	5.23695E-1	4.21300E+0	1.01290E+3	1.95965E+1	1.31723E+3	4.53059E+1	5.69749E+2
2.00000E+0	0.00000E+0	3.77662E+0	1.57457E+0	3.63997E+0	5.23668E-1	4.21300E+0	1.01290E+3	1.95955E+1	1.31729E+3	4.52994E+1	5.69831E+2
1.98000E+0	0.00000E+0	3.77672E+0	1.57459E+0	3.64016E+0	5.23729E-1	4.21300E+0	1.01290E+3	1.95952E+1	1.31731E+3	4.53005E+1	5.69818E+2
1.96000E+0	0.00000E+0	3.77736E+0	1.57472E+0	3.64038E+0	5.23652E-1	4.21300E+0	1.01290E+3	1.95936E+1	1.31742E+3	4.52956E+1	5.69879E+2
1.94000E+0	0.00000E+0	3.77722E+0	1.57472E+0	3.64036E+0	5.23770E-1	4.21300E+0	1.01300E+3	1.95942E+1	1.31738E+3	4.52970E+1	5.69861E+2
1.92000E+0	0.00000E+0	3.77733E+0	1.57472E+0	3.64038E+0	5.23642E-1	4.21300E+0	1.01300E+3	1.95937E+1	1.31741E+3	4.52960E+1	5.69874E+2
1.90000E+0	0.00000E+0	3.77685E+0	1.57459E+0	3.64018E+0	5.23648E-1	4.21300E+0	1.01300E+3	1.95946E+1	1.31735E+3	4.52992E+1	5.69833E+2
1.88000E+0	0.00000E+0	3.77654E+0	1.57443E+0	3.64007E+0	5.23539E-1	4.21300E+0	1.01300E+3	1.95942E+1	1.31738E+3	4.53016E+1	5.69803E+2
1.86000E+0	0.00000E+0	3.77678E+0	1.57450E+0	3.64003E+0	5.23504E-1	4.21300E+0	1.01300E+3	1.95938E+1	1.31741E+3	4.52983E+1	5.69845E+2
1.84000E+0	0.00000E+0	3.77636E+0	1.57439E+0	3.63999E+0	5.23504E-1	4.21300E+0	1.01300E+3	1.95946E+1	1.31736E+3	4.53028E+1	5.69789E+2
1.82000E+0	0.00000E+0	3.77668E+0	1.57444E+0	3.64001E+0	5.23527E-1	4.21300E+0	1.01300E+3	1.95935E+1	1.31742E+3	4.52991E+1	5.69835E+2
1.80000E+0	0.00000E+0	3.77605E+0	1.57431E+0	3.64012E+0	5.23566E-1	4.21300E+0	1.01300E+3	1.95952E+1	1.31731E+3	4.53082E+1	5.69721E+2
1.78000E+0	0.00000E+0	3.77743E+0	1.57457E+0	3.64035E+0	5.23577E-1	4.21300E+0	1.01300E+3	1.95913E+1	1.31757E+3	4.52945E+1	5.69893E+2
1.76000E+0	0.00000E+0	3.77705E+0	1.57447E+0	3.64020E+0	5.23505E-1	4.21300E+0	1.01300E+3	1.95921E+1	1.31752E+3	4.52971E+1	5.69860E+2
1.74000E+0	0.00000E+0	3.77649E+0	1.57430E+0	3.63997E+0	5.23428E-1	4.21300E+0	1.01300E+3	1.95929E+1	1.31747E+3	4.53010E+1	5.69810E+2
1.72000E+0	0.00000E+0	3.77665E+0	1.57441E+0	3.64034E+0	5.23438E-1	4.21300E+0	1.01300E+3	1.95933E+1	1.31744E+3	4.53036E+1	5.69778E+2
1.70000E+0	0.00000E+0	3.77713E+0	1.57442E+0	3.64036E+0	5.23478E-1	4.21300E+0	1.01310E+3	1.95910E+1	1.31759E+3	4.52981E+1	5.69847E+2
1.68000E+0	0.00000E+0	3.77628E+0	1.57423E+0	3.64012E+0	5.23514E-1	4.21200E+0	1.01310E+3	1.95931E+1	1.31745E+3	4.53053E+1	5.69757E+2
1.66000E+0	0.00000E+0	3.77738E+0	1.57445E+0	3.64034E+0	5.23571E-1	4.21200E+0	1.01310E+3	1.95901E+1	1.31766E+3	4.52949E+1	5.69888E+2
1.64000E+0	0.00000E+0	3.77758E+0	1.57449E+0	3.64051E+0	5.23444E-1	4.21200E+0	1.01310E+3	1.95895E+1	1.31769E+3	4.52947E+1	5.69891E+2
1.62000E+0	0.00000E+0	3.77723E+0	1.57441E+0	3.64015E+0	5.23417E-1	4.21200E+0	1.01310E+3	1.95903E+1	1.31764E+3	4.52943E+1	5.69895E+2
1.60000E+0	0.00000E+0	3.77751E+0	1.57440E+0	3.64034E+0	5.23411E-1	4.21200E+0	1.01310E+3	1.95888E+1	1.31774E+3	4.52933E+1	5.69908E+2
1.58000E+0	0.00000E+0	3.77726E+0	1.57434E+0	3.64032E+0	5.23408E-1	4.21200E+0	1.01310E+3	1.95894E+1	1.31771E+3	4.52961E+1	5.69873E+2
1.56000E+0	0.00000E+0	3.77711E+0	1.57431E+0	3.64007E+0	5.23345E-1	4.21200E+0	1.01310E+3	1.95897E+1	1.31768E+3	4.52948E+1	5.69889E+2
1.54000E+0	0.00000E+0	3.77660E+0	1.57423E+0	3.64010E+0	5.23374E-1	4.21200E+0	1.01310E+3	1.95914E+1	1.31757E+3	4.53012E+1	5.69808E+2
1.52000E+0	0.00000E+0	3.77649E+0	1.57424E+0	3.64031E+0	5.23415E-1	4.21200E+0	1.01310E+3	1.95921E+1	1.31752E+3	4.53052E+1	5.69758E+2
1.50000E+0	0.00000E+0	3.77649E+0	1.57405E+0	3.63996E+0	5.23338E-1	4.21200E+0	1.01310E+3	1.95898E+1	1.31768E+3	4.53009E+1	5.69813E+2
1.48000E+0	0.00000E+0	3.77624E+0	1.57417E+0	3.64023E+0	5.23397E-1	4.21200E+0	1.01310E+3	1.95925E+1	1.31750E+3	4.53071E+1	5.69734E+2
1.46000E+0	0.00000E+0	3.77744E+0	1.57439E+0	3.64041E+0	5.23347E-1	4.21200E+0	1.01320E+3	1.95890E+1	1.31773E+3	4.52949E+1	5.69887E+2
1.44000E+0	0.00000E+0	3.77613E+0	1.57408E+0	3.64011E+0	5.23383E-1	4.21200E+0	1.01310E+3	1.95919E+1	1.31753E+3	4.53070E+1	5.69735E+2
1.42000E+0	0.00000E+0	3.77749E+0	1.57431E+0	3.64034E+0	5.23342E-1	4.21200E+0	1.01320E+3	1.95878E+1	1.31781E+3	4.52937E+1	5.69903E+2
1.40000E+0	0.00000E+0	3.77738E+0	1.57427E+0	3.64025E+0	5.23376E-1	4.21200E+0	1.01320E+3	1.95878E+1	1.31781E+3	4.52937E+1	5.69902E+2
1.38000E+0	0.00000E+0	3.77720E+0	1.57426E+0	3.64036E+0	5.23385E-1	4.21200E+0	1.01320E+3	1.95886E+1	1.31775E+3	4.52973E+1	5.69857E+2
1.36000E+0	0.00000E+0	3.77672E+0	1.57414E+0	3.64008E+0	5.23367E-1	4.21200E+0	1.01320E+3	1.95896E+1	1.31769E+3	4.52996E+1	5.69829E+2
1.34000E+0	0.00000E+0	3.77728E+0	1.57422E+0	3.64024E+0	5.23309E-1	4.21200E+0	1.01320E+3	1.95878E+1	1.31781E+3	4.52949E+1	5.69888E+2
1.32000E+0	0.00000E+0	3.77648E+0	1.57405E+0	3.64009E+0	5.23297E-1	4.21200E+0	1.01320E+3	1.95897E+1	1.31768E+3	4.53026E+1	5.69791E+2
1.30000E+0	0.00000E+0	3.77712E+0	1.57424E+0	3.64036E+0	5.23261E-1	4.21200E+0	1.01320E+3	1.95888E+1	1.31774E+3	4.52982E+1	5.69846E+2
1.28000E+0	0.00000E+0	3.77632E+0	1.57402E+0	3.64006E+0	5.23318E-1	4.21200E+0	1.01320E+3	1.95902E+1	1.31765E+3	4.53041E+1	5.69771E+2
1.26000E+0	0.00000E+0	3.77713E+0	1.57416E+0	3.64017E+0	5.23295E-1	4.21200E+0	1.01330E+3	1.95877E+1	1.31782E+3	4.52957E+1	5.69877E+2
1.24000E+0	0.00000E+0	3.77745E+0	1.57425E+0	3.64032E+0	5.23248E-1	4.21200E+0	1.01330E+3	1.95872E+1	1.31785E+3	4.52938E+1	5.69901E+2
1.22000E+0	0.00000E+0	3.77640E+0	1.57404E+0	3.64011E+0	5.23232E-1	4.21200E+0	1.01330E+3	1.95900E+1	1.31766E+3	4.53038E+1	5.69776E+2
1.20000E+0	0.00000E+0	3.77703E+0	1.57408E+0	3.64005E+0	5.23188E-1	4.21200E+0	1.01330E+3	1.95872E+1	1.31785E+3	4.52955E+1	5.69880E+2
1.18000E+0	0.00000E+0	3.77749E+0	1.57423E+0	3.64050E+0	5.23206E-1	4.21200E+0	1.01330E+3	1.95867E+1	1.31788E+3	4.52956E+1	5.69879E+2
1.16000E+0	0.00000E+0	3.77736E+0	1.57420E+0	3.64042E+0	5.23149E-1	4.21100E+0	1.01330E+3	1.95871E+1	1.31786E+3	4.52961E+1	5.69872E+2
1.14000E+0	0.00000E+0	3.77671E+0	1.57407E+0	3.64021E+0	5.23083E-1	4.21200E+0	1.01330E+3	1.95888E+1	1.31775E+3	4.53012E+1	5.69808E+2
1.12000E+0	0.00000E+0	3.77683E+0	1.57408E+0	3.64022E+0	5.23156E-1	4.21100E+0	1.01330E+3	1.95884E+1	1.31777E+3	4.53000E+1	5.69824E+2
1.10000E+0	0.00000E+0	3.77748E+0	1.57420E+0	3.64042E+0	5.23079E-1	4.21100E+0	1.01330E+3	1.95864E+1	1.31790E+3	4.52946E+1	5.69891E+2
1.08000E+0	0.00000E+0	3.77722E+0	1.57415E+0	3.64033E+0	5.23135E-1	4.21100E+0	1.01340E+3	1.95872E+1	1.31785E+3	4.52967E+1	5.69864E+2
1.06000E+0	0.00000E+0	3.77769E+0	1.57417E+0	3.64036E+0	5.23172E-1	4.21100E+0	1.01330E+3	1.95850E+1	1.31800E+3	4.52914E+1	5.69932E+2
1.04000E+0	0.00000E+0	3.77961E+0	1.57477E+0	3.64094E+0	5.23182E-1	4.21100E+0	1.01340E+3	1.95825E+1	1.31816E+3	4.52756E+1	5.70131E+2
1.02000E+0	0.00000E+0	3.77676E+0	1.57396E+0	3.64001E+0	5.23118E-1	4.21100E+0	1.01340E+3	1.95872E+1	1.31785E+3	4.52982E+1	5.69846E+2
1.00000E+0	0.00000E+0	3.77669E+0	1.57402E+0	3.64041E+0	5.23201E-1	4.21100E+0	1.01340E+3	1.95883E+1	1.31777E+3	4.53040E+1	5.69773E+2
9.80000E-1	0.00000E+0	3.77741E+0	1.57412E+0	3.64030E+0	5.23170E-1	4.21100E+0	1.01340E+3	1.95859E+1	1.31794E+3	4.52941E+1	5.69898E+2
9.60000E-1	0.00000E+0	3.77644E+0	1.57399E+0	3.64005E+0	5.22992E-1	4.21100E+0	1.01340E+3	1.95892E+1	1.31772E+3	4.53026E+1	5.69791E+2
9.40000E-1	0.00000E+0	3.77781E+0	1.57423E+0	3.64048E+0	5.23161E-1	4.21100E+0	1.01340E+3	1.95852E+1	1.31799E+3	4.52916E+1	5.69930E+2
9.20000E-1	0.00000E+0	3.77714E+0	1.57412E+0	3.64028E+0	5.23227E-1	4.21100E+0	1.01340E+3	1.95872E+1	1.31785E+3	4.52969E+1	5.69862E+2
9.00000E-1	0.00000E+0	3.77757E+0	1.57417E+0	3.64044E+0	5.23181E-1	4.21100E+0	1.01340E+3	1.95856E+1	1.31795E+3	4.52938E+1	5.69901E+2
8.80000E-1	0.00000E+0	3.77669E+0	1.57401E+0	3.64029E+0	5.23123E-1	4.21100E+0	1.01350E+3	1.95881E+1	1.31779E+3	4.53026E+1	5.69791E+2
8.60000E-1	0.00000E+0	3.77715E+0	1.57412E+0	3.64044E+0	5.23230E-1	4.21100E+0	1.01350E+3	1.95872E+1	1.31785E+3	4.52989E+1	5.69838E+2
8.40000E-1	0.00000E+0	3.77746E+0	1.57415E+0	3.64027E+0	5.23136E-1	4.21100E+0	1.01350E+3	1.95860E+1	1.31793E+3	4.52931E+1	5.69910E+2
8.20000E-1	0.00000E+0	3.77744E+0	1.57413E+0	3.64022E+0	5.23077E-1	4.21100E+0	1.01350E+3	1.95857E+1	1.31795E+3	4.52927E+1	5.69916E+2
8.00000E-1	0.00000E+0	3.77712E+0	1.57406E+0	3.64026E+0	5.23159E-1	4.21100E+0	1.01350E+3	1.95866E+1	1.31789E+3	4.52971E+1	5.69860E+2
7.80000E-1	0.00000E+0	3.77789E+0	1.57427E+0	3.64055E+0	5.23073E-1	4.21100E+0	1.01350E+3	1.95852E+1	1.31798E+3	4.52914E+1	5.69932E+2
7.60000E-1	0.00000E+0	3.77711E+0	1.57413E+0	3.64058E+0	5.23159E-1	4.21100E+0	1.01350E+3	1.95875E+1	1.31783E+3	4.53012E+1	5.69809E+2
7.40000E-1	0.00000E+0	3.77696E+0	1.57401E+0	3.64003E+0	5.23092E-1	4.21100E+0	1.01360E+3	1.95867E+1	1.31788E+3	4.52961E+1	5.69873E+2
7.20000E-1	0.00000E+0	3.77659E+0	1.57397E+0	3.64029E+0	5.23104E-1	4.21000E+0	1.01360E+3	1.95882E+1	1.31779E+3	4.53037E+1	5.69777E+2
7.00000E-1	0.00000E+0	3.77776E+0	1.57422E+0	3.64045E+0	5.23103E-1	4.21100E+0	1.01360E+3	1.95852E+1	1.31798E+3	4.52917E+1	5.69928E+2
6.80000E-1	0.00000E+0	3.77706E+0	1.57404E+0	3.64026E+0	5.23102E-1	4.21000E+0	1.01360E+3	1.95866E+1	1.31789E+3	4.52978E+1	5.69852E+2
6.60000E-1	0.00000E+0	3.77731E+0	1.57414E+0	3.64054E+0	5.23142E-1	4.21000E+0	1.01360E+3	1.95866E+1	1.31789E+3	4.52981E+1	5.69847E+2
6.40000E-1	0.00000E+0	3.77783E+0	1.57424E+0	3.64045E+0	5.23057E-1	4.21000E+0	1.01360E+3	1.95852E+1	1.31798E+3	4.52909E+1	5.69938E+2
6.20000E-1	0.00000E+0	3.77738E+0	1.57423E+0	3.64048E+0	5.23106E-1	4.21000E+0	1.01360E+3	1.95873E+1	1.31784E+3	4.52967E+1	5.69865E+2
6.00000E-1	0.00000E+0	3.77657E+0	1.57403E+0	3.64036E+0	5.23065E-1	4.21000E+0	1.01360E+3	1.95891E+1	1.31772E+3	4.53049E+1	5.69762E+2
5.80000E-1	0.00000E+0	3.77752E+0	1.57419E+0	3.64033E+0	5.23000E-1	4.21000E+0	1.01360E+3	1.95862E+1	1.31792E+3	4.52931E+1	5.69910E+2
5.60000E-1	0.00000E+0	3.77809E+0	1.57432E+0	3.64052E+0	5.23056E-1	4.21000E+0	1.01370E+3	1.95848E+1	1.31801E+3	4.52887E+1	5.69966E+2
5.40000E-1	0.00000E+0	3.77782E+0	1.57429E+0	3.64048E+0	5.23025E-1	4.21000E+0	1.01370E+3	1.95858E+1	1.31795E+3	4.52914E+1	5.69932E+2
5.20000E-1	0.00000E+0	3.77738E+0	1.57414E+0	3.64033E+0	5.23093E-1	4.21000E+0	1.01370E+3	1.95863E+1	1.31791E+3	4.52947E+1	5.69890E+2
5.00000E-1	0.00000E+0	3.77752E+0	1.57419E+0	3.64034E+0	5.23000E-1	4.21000E+0	1.01370E+3	1.95861E+1	1.31792E+3	4.52932E+1	5.69909E+2
4.80000E-1	0.00000E+0	3.77708E+0	1.57408E+0	3.64026E+0	5.23074E-1	4.21000E+0	1.01370E+3	1.95870E+1	1.31786E+3	4.52976E+1	5.69854E+2
4.60000E-1	0.00000E+0	3.77693E+0	1.57417E+0	3.64042E+0	5.23050E-1	4.21000E+0	1.01370E+3	1.95889E+1	1.31774E+3	4.53013E+1	5.69808E+2
4.40000E-1	0.00000E+0	3.77770E+0	1.57425E+0	3.64033E+0	5.23092E-1	4.21000E+0	1.01380E+3	1.95860E+1	1.31793E+3	4.52910E+1	5.69937E+2
4.20000E-1	0.00000E+0	3.77714E+0	1.57409E+0	3.64021E+0	5.23028E-1	4.21000E+0	1.01380E+3	1.95869E+1	1.31787E+3	4.52961E+1	5.69873E+2
4.00000E-1	0.00000E+0	3.77743E+0	1.57419E+0	3.64052E+0	5.22991E-1	4.21000E+0	1.01380E+3	1.95865E+1	1.31789E+3	4.52965E+1	5.69867E+2
3.80000E-1	0.00000E+0	3.77663E+0	1.57398E+0	3.64021E+0	5.23051E-1	4.21000E+0	1.01380E+3	1.95882E+1	1.31779E+3	4.53023E+1	5.69794E+2
3.60000E-1	0.00000E+0	3.77660E+0	1.57402E+0	3.64034E+0	5.23088E-1	4.20900E+0	1.01380E+3	1.95888E+1	1.31774E+3	4.53043E+1	5.69770E+2
3.40000E-1	0.00000E+0	3.77763E+0	1.57426E+0	3.64047E+0	5.23042E-1	4.20900E+0	1.01380E+3	1.95865E+1	1.31790E+3	4.52934E+1	5.69906E+2
3.20000E-1	0.00000E+0	3.77690E+0	1.57407E+0	3.64034E+0	5.22953E-1	4.20900E+0	1.01380E+3	1.95878E+1	1.31781E+3	4.53006E+1	5.69816E+2
3.00000E-1	0.00000E+0	3.77656E+0	1.57404E+0	3.64033E+0	5.22999E-1	4.20900E+0	1.01390E+3	1.95892E+1	1.31772E+3	4.53046E+1	5.69765E+2
2.80000E-1	0.00000E+0	3.77688E+0	1.57408E+0	3.64044E+0	5.22860E-1	4.20900E+0	1.01390E+3	1.95880E+1	1.31779E+3	4.53021E+1	5.69797E+2
2.60000E-1	0.00000E+0	3.77719E+0	1.57415E+0	3.64047E+0	5.22979E-1	4.20900E+0	1.01390E+3	1.95873E+1	1.31784E+3	4.52988E+1	5.69838E+2
2.40000E-1	0.00000E+0	3.77715E+0	1.57420E+0	3.64057E+0	5.22916E-1	4.20900E+0	1.01390E+3	1.95881E+1	1.31779E+3	4.53005E+1	5.69817E+2
2.20000E-1	0.00000E+0	3.77723E+0	1.57418E+0	3.64061E+0	5.22921E-1	4.20900E+0	1.01390E+3	1.95874E+1	1.31784E+3	4.53000E+1	5.69823E+2
2.00000E-1	0.00000E+0	3.77722E+0	1.57416E+0	3.64072E+0	5.22948E-1	4.20900E+0	1.01390E+3	1.95872E+1	1.31785E+3	4.53016E+1	5.69804E+2
1.80000E-1	0.00000E+0	3.77663E+0	1.57402E+0	3.64057E+0	5.22965E-1	4.20900E+0	1.01390E+3	1.95886E+1	1.31775E+3	4.53066E+1	5.69740E+2
1.60000E-1	0.00000E+0	3.77749E+0	1.57415E+0	3.64047E+0	5.22917E-1	4.20900E+0	1.01390E+3	1.95857E+1	1.31795E+3	4.52951E+1	5.69885E+2
1.40000E-1	0.00000E+0	3.77666E+0	1.57397E+0	3.64037E+0	5.22968E-1	4.20900E+0	1.01390E+3	1.95878E+1	1.31781E+3	4.53038E+1	5.69775E+2
1.20000E-1	0.00000E+0	3.77787E+0	1.57420E+0	3.64070E+0	5.22959E-1	4.20900E+0	1.01400E+3	1.95844E+1	1.31804E+3	4.52935E+1	5.69905E+2
1.00000E-1	0.00000E+0	3.77561E+0	1.57369E+0	3.64026E+0	5.22867E-1	4.20900E+0	1.01390E+3	1.95898E+1	1.31767E+3	4.53151E+1	5.69633E+2
8.00000E-2	0.00000E+0	3.77791E+0	1.57419E+0	3.64079E+0	5.22984E-1	4.20900E+0	1.01400E+3	1.95842E+1	1.31805E+3	4.52941E+1	5.69898E+2
6.00000E-2	0.00000E+0	3.77779E+0	1.57409E+0	3.64061E+0	5.22900E-1	4.20900E+0	1.01400E+3	1.95835E+1	1.31810E+3	4.52933E+1	5.69908E+2
4.00000E-2	0.00000E+0	3.77770E+0	1.57410E+0	3.64075E+0	5.22909E-1	4.20900E+0	1.01400E+3	1.95840E+1	1.31807E+3	4.52962E+1	5.69872E+2
2.00000E-2	0.00000E+0	3.77662E+0	1.57378E+0	3.64048E+0	5.22787E-1	4.20900E+0	1.01400E+3	1.95857E+1	1.31795E+3	4.53059E+1	5.69750E+2
5.55654E-18	0.00000E+0	3.77773E+0	1.57403E+0	3.64054E+0	5.22863E-1	4.20900E+0	1.01400E+3	1.95830E+1	1.31813E+3	4.52932E+1	5.69909E+2
-2.00000E-2	0.00000E+0	3.77696E+0	1.57387E+0	3.64040E+0	5.22846E-1	4.20900E+0	1.01400E+3	1.95851E+1	1.31799E+3	4.53007E+1	5.69815E+2
-4.00000E-2	0.00000E+0	3.77756E+0	1.57399E+0	3.64047E+0	5.22850E-1	4.20900E+0	1.01400E+3	1.95834E+1	1.31811E+3	4.52943E+1	5.69895E+2
-6.00000E-2	0.00000E+0	3.77672E+0	1.57386E+0	3.64048E+0	5.22875E-1	4.20900E+0	1.01400E+3	1.95861E+1	1.31792E+3	4.53045E+1	5.69767E+2
-8.00000E-2	0.00000E+0	3.77728E+0	1.57400E+0	3.64057E+0	5.22864E-1	4.20900E+0	1.01400E+3	1.95850E+1	1.31800E+3	4.52989E+1	5.69837E+2
-1.00000E-1	0.00000E+0	3.77706E+0	1.57392E+0	3.64049E+0	5.22803E-1	4.20900E+0	1.01400E+3	1.95851E+1	1.31799E+3	4.53006E+1	5.69816E+2
-1.20000E-1	0.00000E+0	3.77780E+0	1.57414E+0	3.64066E+0	5.22902E-1	4.20900E+0	1.01400E+3	1.95840E+1	1.31806E+3	4.52937E+1	5.69902E+2
-1.40000E-1	0.00000E+0	3.77771E+0	1.57415E+0	3.64054E+0	5.22858E-1	4.20900E+0	1.01400E+3	1.95846E+1	1.31802E+3	4.52933E+1	5.69907E+2
-1.60000E-1	0.00000E+0	3.77748E+0	1.57416E+0	3.64057E+0	5.22835E-1	4.20900E+0	1.01400E+3	1.95860E+1	1.31793E+3	4.52966E+1	5.69866E+2
-1.80000E-1	0.00000E+0	3.77763E+0	1.57427E+0	3.64049E+0	5.22895E-1	4.20900E+0	1.01400E+3	1.95865E+1	1.31790E+3	4.52937E+1	5.69902E+2
-2.00000E-1	0.00000E+0	3.77758E+0	1.57429E+0	3.64059E+0	5.22838E-1	4.20900E+0	1.01400E+3	1.95870E+1	1.31786E+3	4.52956E+1	5.69879E+2
-2.20000E-1	0.00000E+0	3.77672E+0	1.57412E+0	3.64027E+0	5.22863E-1	4.20900E+0	1.01390E+3	1.95893E+1	1.31771E+3	4.53019E+1	5.69799E+2
-2.40000E-1	0.00000E+0	3.77699E+0	1.57426E+0	3.64051E+0	5.22929E-1	4.20900E+0	1.01390E+3	1.95897E+1	1.31768E+3	4.53017E+1	5.69802E+2
-2.60000E-1	0.00000E+0	3.77776E+0	1.57448E+0	3.64062E+0	5.22845E-1	4.20900E+0	1.01390E+3	1.95885E+1	1.31777E+3	4.52938E+1	5.69902E+2
-2.80000E-1	0.00000E+0	3.77767E+0	1.57444E+0	3.64055E+0	5.22942E-1	4.20900E+0	1.01390E+3	1.95884E+1	1.31777E+3	4.52940E+1	5.69899E+2
-3.00000E-1	0.00000E+0	3.77688E+0	1.57436E+0	3.64060E+0	5.22942E-1	4.20900E+0	1.01390E+3	1.95915E+1	1.31756E+3	4.53041E+1	5.69772E+2
-3.20000E-1	0.00000E+0	3.77647E+0	1.57419E+0	3.64029E+0	5.22874E-1	4.20900E+0	1.01380E+3	1.95915E+1	1.31756E+3	4.53051E+1	5.69759E+2
-3.40000E-1	0.00000E+0	3.77682E+0	1.57432E+0	3.64036E+0	5.22830E-1	4.20900E+0	1.01380E+3	1.95914E+1	1.31757E+3	4.53018E+1	5.69800E+2
-3.60000E-1	0.00000E+0	3.77654E+0	1.57440E+0	3.64054E+0	5.22876E-1	4.21000E+0	1.01380E+3	1.95938E+1	1.31741E+3	4.53074E+1	5.69731E+2
-3.80000E-1	0.00000E+0	3.77690E+0	1.57444E+0	3.64054E+0	5.22915E-1	4.21000E+0	1.01380E+3	1.95924E+1	1.31750E+3	4.53032E+1	5.69784E+2
-4.00000E-1	0.00000E+0	3.77674E+0	1.57440E+0	3.64040E+0	5.22931E-1	4.21000E+0	1.01380E+3	1.95927E+1	1.31748E+3	4.53034E+1	5.69781E+2
-4.20000E-1	0.00000E+0	3.77732E+0	1.57450E+0	3.64036E+0	5.22890E-1	4.21000E+0	1.01380E+3	1.95910E+1	1.31760E+3	4.52958E+1	5.69877E+2
-4.40000E-1	0.00000E+0	3.77682E+0	1.57428E+0	3.64021E+0	5.22954E-1	4.21000E+0	1.01380E+3	1.95909E+1	1.31760E+3	4.52999E+1	5.69824E+2
-4.60000E-1	0.00000E+0	3.77656E+0	1.57434E+0	3.64034E+0	5.23031E-1	4.21000E+0	1.01380E+3	1.95930E+1	1.31746E+3	4.53047E+1	5.69764E+2
-4.80000E-1	0.00000E+0	3.77691E+0	1.57449E+0	3.64060E+0	5.23033E-1	4.21000E+0	1.01370E+3	1.95930E+1	1.31746E+3	4.53038E+1	5.69775E+2
-5.00000E-1	0.00000E+0	3.77714E+0	1.57459E+0	3.64036E+0	5.22960E-1	4.21000E+0	1.01370E+3	1.95930E+1	1.31746E+3	4.52981E+1	5.69848E+2
